15,638
15,640
15,637
15,636
15,635
15,634
15,633
15,632
15,631
15,630
15,629
15,628
15,627
4294967279,544
15,626
15,625
15,624
15,623
15,622
15,621
15,620
15,619
15,618
15,617
15,616
15,615
15,614
15,613
15,612
15,611
15,610
15,609
15,608
15,607
15,606
15,605
15,604
15,603
15,602
15,601
15,600
15,599
15,598
15,597
15,596
15,595
15,594
15,593
15,592
15,591
15,590
15,589
15,588
15,587
15,586
15,585
15,584
15,583
15,582
15,581
15,580
15,575
15,574
15,579
15,573
15,572
15,571
15,570
15,569
15,568
15,567
15,566
15,578
15,577
15,565
15,564
15,563
15,562
15,561
15,560
15,559
15,558
15,557
15,556
15,555
15,554
15,553
15,552
15,551
15,550
15,549
15,548
15,547
15,546
15,545
15,544
15,543
15,542
15,541
15,540
15,539
15,538
15,537
15,536
15,535
15,534
15,533
15,532
15,531
15,530
15,529
15,528
15,527
15,526
15,525
15,524
15,576
15,523
15,522
15,521
15,520
15,519
15,518
15,517
15,516
15,515
15,511
15,510
15,509
15,508
15,507
15,514
15,506
15,505
15,504
15,503
15,502
15,501
15,500
15,499
15,498
15,497
15,496
15,495
15,494
15,493
15,492
15,491
15,490
15,489
15,488
15,487
15,486
15,513
15,512
15,485
15,484
15,483
15,482
15,481
15,480
15,479
15,478
15,477
15,476
15,475
15,474
15,473
15,447
15,446
15,445
15,444
15,443
15,442
15,441
15,440
15,439
15,438
15,437
15,436
15,435
15,434
15,433
15,472
4294967279,540
4294967293,131
4294967293,130
4294967293,129
4294967293,128
4294967293,127
4294967293,126
4294967293,125
4294967293,124
4294967293,123
4294967293,122
4294967293,121
4294967293,120
4294967293,119
4294967293,118
4294967293,117
4294967293,116
4294967293,115
4294967293,114
4294967293,113
4294967293,112
4294967293,111
4294967293,110
4294967293,109
4294967293,108
4294967293,107
4294967293,106
4294967293,105
4294967293,104
4294967293,103
4294967293,102
4294967293,101
4294967293,100
4294967293,99
4294967293,98
4294967293,97
4294967293,96
4294967293,95
4294967293,94
4294967293,93
4294967293,92
4294967293,91
4294967293,90
4294967293,89
4294967293,88
4294967293,87
4294967293,86
4294967293,85
4294967293,84
4294967293,83
4294967293,82
4294967293,81
4294967293,80
4294967293,79
4294967293,78
4294967293,77
4294967293,76
4294967293,75
4294967293,74
4294967293,73
4294967293,72
4294967293,71
4294967293,70
4294967293,69
4294967293,68
4294967293,67
4294967293,66
4294967293,65
4294967293,64
4294967293,63
4294967293,62
4294967293,61
4294967293,60
4294967293,59
4294967293,58
4294967293,57
4294967293,56
4294967293,55
4294967293,54
4294967293,53
4294967293,52
4294967293,51
4294967293,50
4294967293,49
4294967293,48
4294967293,47
4294967293,46
4294967293,45
4294967293,44
4294967293,43
4294967293,42
4294967293,41
4294967293,40
4294967293,39
4294967293,38
4294967293,37
4294967293,36
4294967293,35
4294967293,34
4294967293,33
4294967293,32
4294967293,31
4294967293,30
4294967293,29
4294967293,28
4294967293,27
4294967293,26
4294967293,25
4294967293,24
4294967293,23
4294967293,22
4294967293,21
4294967293,20
4294967293,19
4294967293,18
4294967293,17
4294967293,16
4294967293,15
4294967293,14
4294967293,13
4294967293,12
4294967293,11
4294967293,10
4294967293,9
4294967293,8
4294967293,7
4294967293,6
4294967293,5
4294967293,4
4294967293,3
4294967293,2
4294501266,0
4294501265,0
4294501264,0
4294501263,0
4294501262,0
4294501261,0
4294501260,0
4294501259,0
4294501258,0
4294501257,0
4294967293,0
4294967278,171
4294967278,58
4294967278,349
4294967278,170
4294967278,57
4294967278,324
4294967278,169
4294967278,56
4294967278,323
4294967278,168
4294967278,55
4294967278,312
4294967278,167
4294967278,54
4294967278,311
4294967278,166
4294967278,53
4294967278,322
4294967278,165
4294967278,52
4294967278,310
4294967278,164
4294967278,51
4294967278,309
4294967278,163
4294967278,50
4294967278,308
4294967278,162
4294967278,49
4294967278,307
4294967278,161
4294967278,48
4294967278,306
4294967278,160
4294967278,47
4294967278,305
4294967278,159
4294967278,46
4294967278,350
4294967278,158
4294967278,45
4294967278,304
4294967278,157
4294967278,44
4294967278,321
4294967278,156
4294967278,43
4294967278,155
4294967278,154
4294967278,42
4294967278,348
4294967278,153
4294967278,41
4294967278,347
4294967278,152
4294967278,40
4294967278,303
4294967278,151
4294967278,39
4294967278,320
4294967278,150
4294967278,38
4294967278,345
4294967278,149
4294967278,37
4294967278,148
4294967278,36
4294967278,302
4294967278,147
4294967278,35
4294967278,344
4294967278,146
4294967278,34
4294967278,343
4294967278,145
4294967278,33
4294967278,301
4294967278,144
4294967278,32
4294967278,289
4294967278,143
4294967278,31
4294967278,288
4294967278,142
4294967278,30
4294967278,287
4294967278,141
4294967278,29
4294967278,286
4294967278,140
4294967278,28
4294967278,285
4294967278,139
4294967278,27
4294967278,284
4294967278,138
4294967278,26
4294967278,274
4294967278,137
4294967278,25
4294967278,283
4294967278,136
4294967278,24
4294967278,299
4294967278,135
4294967278,23
4294967278,292
4294967278,134
4294967278,22
4294967278,298
4294967278,133
4294967278,21
4294967278,291
4294967278,273
4294967278,20
4294967278,281
4294967278,272
4294967278,19
4294967278,280
4294967278,271
4294967278,18
4294967278,300
4294967278,270
4294967278,17
